532
30
504
438
253
114
916
278
310
894
961
239
645
325
629
24
104
762
274
973
776
208
228
597
152
424
236
584
572
236
171
639
976
959
146
162
919
975
798
258
713
51
877
247
699
273
743
1015
1024
402
934
607
762
642
927
342
912
56
931
694
157
519
13
191
221
825
619
281
657
836
1011
294
45
805
515
796
536
699
120
7
776
68
65
801
383
465
744
813
117
949
840
525
429
449
870
860
649
554
320
998
677
411
437
256
110
906
641
366
196
363
953
448
236
716
60
737
334
939
819
293
948
632
506
797
842
882
96
752
802
186
449
730
233
177
323
572
934
128
4
78
338
478
574
136
267
762
456
858
423
165
508
22
298
855
122
768
905
406
995
372
741
189
122
177
586
196
372
993
830
166
53
728
961
1012
124
260
542
597
886
951
118
216
245
70
803
477
822
552
591
35
699
613
568
34
41
602
107
238
217
648
834
671
680
50
355
356
215
422
738
224
206
521
347
155
546
477
493
786
1004
500
903
875
730
890
131
1026
153
210
792
105
98
383
154
641
293
467
446
335
914
13
903
249
9
537
532
687
339
736
225
960
201
968
717
137
522
719
102
273
757
102
802
259
799
255
85
90
261
721
113
225
963
885
81
1018
133
183
875
726
543
417
1007
821
1012
147
908
561
314
428
159
200
701
167
493
647
790
378
15
974
401
64
48
259
347
56
262
1021
613
116
892
485
833
151
658
875
174
480
685
794
279
149
562
932
1014
398
539
776
710
920
797
124
882
662
673
240
26
54
407
693
837
813
226
660
714
773
908
517
260
905
219
248
888
41
862
119
557
378
323
87
20
407
209
887
206
962
335
477
906
78
922
290
956
149
728
871
860
686
432
584
181
653
499
164
469
794
940
155
164
84
653
614
1012
373
1012
510
750
709
905
920
1014
710
212
81
512
461
607
388
603
640
420
29
261
223
368
839
200
290
258
324
878
926
617
659
789
7
713
173
92
971
342
556
105
710
712
807
382
505
125
171
829
602
199
39
429
592
993
117
134
751
413
430
370
888
809
32
935
327
153
77
84
409
850
120
409
189
820
266
868
958
321
1012
926
921
204
157
650
560
306
330
598
793
813
626
929
199
703
401
31
383
997
819
817
1002
949
1007
517
1009
442
466
101
1020
26
995
173
763
190
896
687
604
67
162
785
24
714
439
248
332
768
725
880
398
937
917
662
10
267
696
186
563
592
793
297
227
272
302
794
655
359
7
736
814
29
659
812
538
140
946
567
240
411
739
913
343
931
251
527
78
283
373
63
129
593
983
36
533
69
235
90
529
430
93
735
189
597
56
80
317
266
840
91
587
1004
449
79
792
286
749
165
703
210
924
157
214
797
272
389
1002
810
191
351
164
863
795
610
730
508
89
825
484
429
924
782
577
827
514
774
236
945
363
208
202
1000
548
653
360
878
281
102
158
590
1006
239
531
819
35
291
489
504
728
328
886
418
291
237
174
535
817
646
699
788
588
150
256
457
668
968
244
31
181
460
377
1010
601
141
590
689
970
633
341
653
609
83
984
464
449
659
984
877
579
493
559
631
880
429
470
784
277
615
563
479
672
343
277
1015
935
38
56
2
895
508
199
896
297
728
442
869
820
1015
359
833
935
295
84
329
605
789
467
102
812
363
121
11
60
711
637
193
925
730
378
795
977
388
699
817
578
195
901
737
500
584
978
973
447
494
933
133
100
818
69
501
1028
553
318
101
810
134
326
260
820
142
833
936
814
988
976
701
19
360
859
117
360
793
301
12
189
529
887
333
1023
811
822
19
301
688
663
974
980
830
732
712
760
191
15
22
457
172
838
808
996
635
51
309
245
100
699
768
844
672
48
96
855
850
617
247
185
336
730
27
283
647
144
816
553
550
652
414
635
303
80
887
583
1021
982
348
533
411
413
30
69
18
145
668
866
86
825
845
43
261
276
721
235
592
719
875
765
849
303
295
123
541
147
979
155
301
500
921
890
473
150
196
396
926
31
645
95
418
355
448
101
731
665
216
460
382
319
642
979
138
828
372
619
636
913
444
913
653
39
326
309
714
658
636
927
319
580
730
832
200
312
986
688
114
397
844
386
402
1027
94
387
610
619
528
529
873
766
267
647
177
769
944
422
205
598
611
607
760
677
485
974
414
569
866
682
850
107
309
163
800
447
381
628
353
428
831
298
222
57
567
42
86
28
609
972
31
843
425
738
283
648
568
66
969
833
821
348
412
672
610
839
882
749
1025
765
726
273
803
867
930
700
342
967
819
259
574
546
693
754
719
513
849
6
