532
30
504
438
253
114
916
278
310
894
961
239
645
318
625
20
100
756
268
967
770
202
222
594
152
424
236
584
572
233
168
636
975
959
147
163
920
976
798
258
713
51
877
246
698
272
742
1014
1023
401
933
609
764
640
925
340
910
54
929
692
155
519
14
191
221
825
619
281
657
836
1011
294
45
805
520
801
541
698
120
7
776
68
65
801
383
465
744
813
117
949
840
525
429
449
870
860
649
554
320
998
677
412
438
257
111
907
642
367
194
361
951
444
232
714
61
737
334
939
820
294
949
629
503
794
839
879
93
749
799
183
446
727
230
174
322
571
933
127
3
77
337
477
573
135
266
761
455
858
423
165
508
22
298
855
122
768
905
406
995
372
741
189
122
177
586
196
372
993
830
166
53
728
964
1015
127
263
545
597
886
951
118
216
245
70
803
477
822
552
591
35
699
613
568
34
41
602
107
238
217
648
839
676
685
53
358
360
219
426
742
228
210
525
351
159
550
481
497
789
1007
503
906
878
730
891
132
1027
154
207
792
105
98
383
154
641
293
468
447
336
915
14
906
252
12
536
531
686
338
735
224
959
201
968
717
137
522
719
102
272
756
101
801
258
802
259
89
94
261
721
113
225
963
885
81
1018
133
183
875
727
544
418
1008
822
1013
148
909
556
309
425
156
197
706
171
490
644
787
375
15
974
405
68
48
259
347
56
262
1021
610
113
889
482
833
151
657
874
173
479
684
793
278
148
560
930
1012
396
537
774
708
918
795
124
880
660
671
238
24
52
405
691
835
811
224
658
712
771
906
515
258
903
217
246
886
39
860
117
555
376
319
91
24
411
213
888
207
963
335
477
906
78
922
290
956
149
726
869
858
684
430
582
179
651
495
160
465
790
940
159
168
88
657
618
1016
377
1012
510
754
712
908
923
1017
713
215
84
512
461
607
388
603
640
420
29
261
223
368
835
196
286
254
320
874
922
613
655
785
3
709
169
88
967
338
559
108
713
708
807
382
505
120
166
829
602
199
39
429
588
989
116
130
747
409
426
366
884
805
28
931
323
157
81
88
413
854
124
413
193
824
266
868
958
321
1016
929
924
205
158
651
561
307
331
599
794
812
625
928
199
703
401
30
382
993
815
813
998
945
1003
513
1009
442
459
94
1013
26
988
166
758
185
890
681
600
63
158
781
20
710
435
244
334
770
724
879
397
936
916
656
10
267
696
186
563
592
793
297
228
273
303
795
654
360
8
731
809
27
657
810
536
138
944
565
238
412
740
914
343
929
249
522
73
278
368
58
131
595
985
38
535
65
231
88
527
428
91
733
187
595
54
79
317
262
842
93
589
1006
451
81
787
287
750
166
704
211
925
161
218
794
269
386
999
807
194
354
167
863
795
610
730
508
90
826
485
430
925
783
578
828
515
775
237
946
364
209
203
1001
549
654
363
881
284
101
157
593
1010
243
535
823
39
293
491
502
726
326
884
418
291
237
174
535
817
646
699
788
588
150
256
457
668
968
244
31
181
460
377
1010
604
144
593
687
968
631
339
651
613
87
987
467
452
662
987
880
582
491
557
629
878
427
471
785
278
616
564
482
675
346
280
1018
937
40
58
4
897
510
201
898
299
733
447
872
823
1018
362
836
938
298
87
332
608
792
470
102
812
363
121
11
60
713
639
195
923
728
380
797
979
390
701
818
579
196
902
737
500
584
978
973
447
494
933
137
100
813
64
496
1026
551
316
99
808
132
330
264
825
147
838
941
819
993
981
705
19
358
857
115
358
791
299
12
187
527
885
331
1021
809
820
17
304
691
661
977
978
835
737
717
765
196
20
27
462
167
833
805
993
632
48
306
242
97
696
765
841
669
45
93
852
847
622
252
190
341
735
32
288
652
144
816
557
548
650
412
633
301
78
886
582
1020
981
347
532
415
417
34
73
22
149
668
866
84
823
843
47
265
280
725
239
590
717
872
762
846
300
292
120
538
144
976
152
298
499
920
895
478
155
201
401
931
37
651
101
424
361
454
107
737
671
222
465
387
324
647
982
141
831
375
622
639
911
442
911
651
37
324
307
712
656
634
925
317
578
728
830
198
310
984
691
112
394
841
383
399
1024
91
384
607
616
525
526
870
763
270
650
180
772
947
425
208
601
614
610
763
680
487
977
417
572
869
685
853
110
312
166
803
450
383
630
355
430
833
300
224
59
569
44
88
26
607
970
29
841
423
735
280
645
565
63
966
829
817
344
408
668
608
837
880
747
1023
763
724
271
801
866
926
696
341
966
818
258
573
545
692
753
718
508
844
1
